$ANSIBLE_VAULT;1.1;AES256
30643362393362623832623433373833306332333463656163383764656462353561656239346631
6435383239623930653936373132363963373561316231330a353365303365663236646264316165
63616636643630393064376235663561666438336363636239623539373935393432643864356632
3038396161323538660a656539336164643936323936376361393530643666323031393966323634
36393835356537316661336432623938376430633136346131653762643638363965323163633331
62316465363562393366343035383261663261633164653237356238313536626463313362636437
63353364323337633135343263303630336237373136613231396632623734313938316333623336
35353366363339373265613261663232393065353137306434333230366238636332383633363066
30396562316261366431326336656139383630316139636266396233613661383032643035653136
63353238326562313632313030366565656632376339663037623436316666376435346263376536
61376263613462663963383262393865633438626263653331393363346132636332613565393035
63313339633035366266383631323761646534353862646262346130643731633931303237306136
62626230393337643733326337306366663462636464613139396162323030316463623435323031
31376235663731343733613535386134613838326134373331653961363531323666333133383865
62623666633536363036636635636163633535393361383161383331353464326239353131326564
66383036323565366631613766376233633030396662633337343561626232653631396636663864
35346634393861326563626330643935343337653962626530636431653634653763616436363837
37373432343665636665393831633566373063363933303234623031373933646265343835396534
30303762623862326334353866633864316162343533336136623438303136373464666461323863
36613232643262346133623735306630616536393338313537653932366361386632303163363431
39363561616538323437326662386339356239363239356466383934383161343830306138363564
33393638636366353638343136666630363762633537323764643232313761613466373132326630
35623931366561643832623661303762393962613732383632653730383964656238393632333937
34643665653339663064313164393134626337343537666438313235353332613334336366323632
65623861396336623535343765656436666563363866393561353562363162383164323138393431
32663231666234356331646363396564663233363861653336386630343662646130373265653461
38643837653763636435353239313665366232303166343836366465653539633837366238393661
34616533626361626633
